[gd_scene load_steps=6 format=2]

[ext_resource path="res://Scripts/Camera.gd" type="Script" id=1]
[ext_resource path="res://Scripts/Character.gd" type="Script" id=3]
[ext_resource path="res://Companion_bot/Companion_bot.tscn" type="PackedScene" id=4]
[ext_resource path="res://ak47/AK47.tscn" type="PackedScene" id=5]

[sub_resource type="SphereShape" id=1]

[node name="Player" type="KinematicBody"]
transform = Transform( 0.986202, 0.0346678, 0.161876, 0, 0.977827, -0.209414, -0.165547, 0.206524, 0.964335, 0, 104.638, 0 )
script = ExtResource( 3 )

[node name="CollisionShape" type="CollisionShape" parent="."]
transform = Transform( 1, 0, 0, 0, 1, 0, 0, 0, 1, 0, -0.742094, -0.0540349 )
shape = SubResource( 1 )

[node name="Camera" type="Camera" parent="."]
transform = Transform( 0.966886, -0.026721, -0.253807, 0.0534444, 0.993653, 0.0989855, 0.249551, -0.109272, 0.962177, -0.243808, 4.5414, 4.27289 )
fov = 90.0
far = 50000.0
script = ExtResource( 1 )

[node name="AK 47" parent="." instance=ExtResource( 5 )]
transform = Transform( 1, 0, 0, 0, 1, 0, 0, 0, 1, 0, 2.15582, 0 )

[node name="Companion_bot" parent="." instance=ExtResource( 4 )]
transform = Transform( -0.978717, 0, 0.205214, 0, 1, 0, -0.205214, 0, -0.978717, 0.5234, -1.71401, 1.06149 )
